10
100
1000010
1000360
1001270
1002300
1003520
1003590
1005300
1006510
1007040
1008080
10090
1009290
1009560
1009850
1011510
1012880
1013140
1013320
10150
1015520
1016120
1016600
1016800
1016920
1016950
1017100
1017180
1017900
10180
1018830
10190
1020790
1021100
1021210
1022450
1022980
1024020
1024380
1024650
1024890
102500
1025580
1025600
1025960
102600
1026680
102700
1028310
1028630
1029550
1029690
1029780
1030210
1030830
1030840
1031140
1031170
1031500
1031510
1033410
1034140
1034160
1035120
1035510
1035930
1036240
1036860
1036890
1036950
1037930
1038250
1038370
1040200
1040230
1040420
1040730
1041320
1041720
104200
1042550
1042780
1042800
1043260
1043810
1044450
1044620
1044720
1046030
1046480
1046810
1046930
104700
1048100
1048370
1048540
104900
1049410
1049590
1049800
1049890
10500
1051690
10540
105400
105430
1054430
1054490
105450
1054510
1054800
1055430
1055540
105600
1056390
1056600
1056640
1056960
1057090
1057240
1057430
105800
1058450
1058650
1058770
1059980
1059990
1060230
1061090
1061100
1061910
10620
1062090
1062160
1062520
1062810
1063420
1063660
1063730
1065310
1066110
1066780
1066890
1067170
1067850
10680
1068820
1069160
1069640
1069650
1069660
1069690
1069740
1070330
1070820
107100
1071100
1071870
107200
1072040
1072120
1072420
1072500
1072710
1072920
1073440
1073910
107410
1075190
1075740
1075950
1076160
1076200
1077410
1077510
1078730
107900
1079260
1079310
1080020
1080110
108200
1082710
1083600
1083880
1084020
1084160
1084520
1084600
1085660
1085750
108600
1086640
1086940
108700
108710
1087280
108800
1088090
1088150
1088710
1088790
1088850
1089090
1089350
1089980
1090630
1091500
1092660
1092790
109400
109410
1094520
1094710
1094780
109600
1096530
1096900
1097150
1097200
1097350
1097420
1097430
1097810
1097840
1099250
1099410
1100600
1100620
1100720
1100760
1100830
1100930
1101120
1101190
1101450
11020
1102190
1102930
1103950
1104280
1104450
1105420
1105500
1105510
1105670
1106040
1106530
1106750
1106840
1106880
1107320
110800
1108270
1108320
1108370
1108750
1109570
1109680
1110910
1111030
1111460
1112790
1113000
1113120
1113560
1113570
111400
1114150
1114220
1114420
1115690
111710
1118200
1118310
1119700
1119730
1120320
1120480
1120810
1121560
1121640
1121910
1122050
1122340
1123050
1123770
1123830
1124180
1124300
1124660
1125510
1126290
1126310
1126320
1127400
1127500
1127700
1128000
1128810
1128860
1128920
1129190
1129310
1129540
1129580
113020
1131620
113200
1132210
1133760
1133870
113400
1134100
113420
1134570
1134700
1134710
1135230
1135300
1135690
1135810
1136160
1136370
1136380
1137300
1137460
1137750
1138190
1138660
113900
1139900
1139940
1139980
1140150
1140270
1140440
1140620
1140630
1141020
1141530
1142710
1143810
1144170
1144200
1144250
1144400
1144770
11450
1145350
1145360
1145960
1146630
1147550
1147560
1147660
1147690
1147860
1148150
1148350
1148590
1148650
1148760
1149440
1149460
1149560
1149620
1150080
1150150
1150440
1150530
1150640
1150690
1150760
1151340
1151640
1152340
115320
1153410
1154040
1154110
1154840
1157220
1157250
1157340
1157390
1157700
115800
1158160
1158310
1158370
1158850
1158940
1158980
1159290
1159420
1159520
1159640
1159690
1160750
1160920
11610
1161150
1161170
1161490
1161580
1161590
1161770
1161830
1162520
1162750
1162930
1163550
1164940
1165670
1166290
1166580
1166860
1167140
1167450
1167630
1168460
1168660
1169040
1170940
1170950
1170970
1171310
1171690
1172380
1172470
1172620
1172710
1173220
1173280
1173370
1173510
1173550
1173690
1173710
1173770
1173780
1173790
1173800
1173810
1173820
1174180
1175460
1175730
1175830
1176470
1176710
1177970
1177980
1178400
1178490
1178790
1178830
1179080
1179580
1179680
1180320
1180380
1180660
1181830
1181840
1182020
1182110
1182620
1182900
1183940
1184050
1184140
1184160
1184370
1184770
1184810
1185560
1188930
1189490
1189630
1189800
1190000
1190110
1190340
1190460
1190970
1191120
1191330
1191420
1191840
1192610
1192640
1194630
1194810
1194930
1195290
1195460
1196310
1196470
1196590
1196600
1196630
1197260
1197570
1198090
1198730
1199030
1201230
1201240
1201540
1202130
1202200
1202690
1203180
1203190
1203220
1203620
1204050
1205520
1205550
1205970
1206560
1206610
1207650
1207850
1209040
1209410
1210320
12110
1211020
1211600
1211630
12120
12130
1213210
1213300
1213670
1213700
1213740
12140
1214470
1214650
12150
1215390
1216060
1216320
1216710
1217060
1218210
1218500
1218740
1218900
12200
1220010
1220140
1220840
12210
12220
1222140
1222370
1222670
1222680
1222690
1222700
1222730
1222800
1223730
1223750
1223840
1225330
1225570
1226470
1226510
1227280
1227530
1227890
1229240
1229380
1229460
1229490
1229900
1230140
1230170
1230530
1231560
12320
1232420
1232580
1233260
1233270
1233410
1233550
1233570
1233590
1234040
1235110
1235140
12360
1236300
1236720
1237320
1237620
1237950
1237970
1237980
1238000
1238020
1238040
1238060
1238080
1238810
1238820
1238840
1238860
1238880
1239020
1239080
1239260
1239300
1239320
1239430
1239520
1240210
1240440
1240630
1241040
1241100
1242700
1242980
1243830
1244090
1244460
1244800
1245480
1245560
1245620
1248130
1249200
1249800
1249970
1250
12500
1250220
1250410
1250760
1250790
1250870
1251300
1252330
1252600
1252780
1253920
1254120
1254130
1254320
1255630
1255980
1256610
1256670
1257290
1258080
1258320
1258780
1259420
1259440
1259790
1259970
1259980
1260320
1260390
1260520
1260590
1260820
1261040
1262060
1262240
1262350
1262460
1262540
1262560
1262580
1262600
1263070
1263550
1263850
1263860
1264250
1264280
1264670
1264710
1265820
1265860
1265920
1265930
1266540
1266630
1266700
1266840
1267470
1267540
1267910
1268590
1268750
1269370
1270580
1270930
12710
1271140
1271700
1272080
1272160
1272320
1273
1273400
1273710
1274570
1274600
12750
1275350
1275630
1275890
1276390
1276760
1276790
1276800
1277110
1277400
1277920
1277930
1278060
1278480
1278540
1279510
1279610
1280
1280770
1280780
1280930
12810
1281590
1281630
1281800
1281930
1282100
1282150
1282210
1282270
1282410
1282590
1282690
1282730
1282940
1283190
1283220
1283230
1283400
1283410
1283700
1283970
12840
1284190
1284210
1284410
1286220
1286320
1286350
1286580
1286680
1286830
1286880
1287290
1287840
1288310
1288320
1289310
1289380
1289810
12900
1290000
1290260
1290330
1291010
1291340
1292630
1292690
1292790
1292940
1293160
1293230
1293820
1293830
1293860
1294660
1294760
1294810
1295270
1295500
1295510
1295550
1295660
1295920
1296400
1296610
1296830
1299460
1299900
130
1300920
1301210
1301350
1301720
1302240
1304510
1304680
1304930
1305080
1305420
1306630
1307090
1307550
1307660
1307710
1307890
1308380
1310410
1311980
1313140
1313860
13140
1314820
1316230
1316680
1317860
13180
1318690
1319780
13210
1321280
1321440
1321660
1321680
1321700
1324130
1324340
1324780
13250
1325200
1325400
1325860
1326470
1328660
1328670
1329410
1329500
1329600
1329880
1330000
1330460
1330470
1331550
1332010
1332720
1333200
1333350
1334000
1334010
1334040
1334590
1335200
1335790
1335830
1335960
1336180
1336490
1336980
1337120
1337520
1337760
1337970
1338770
1340480
1340530
1340990
1341200
1341290
1342330
1343240
1343370
1343400
1343670
1345890
1346070
1347430
1347970
1348300
1348730
1348970
1349030
1349040
1349540
1350650
1351080
1351210
1351240
1351630
13520
1352080
1352330
1353230
1353300
1355090
1355760
13560
1356040
1356280
1356670
13570
1357210
1358700
1358750
1358820
1359090
1359650
1359980
1360000
1360810
1361000
1361010
1361210
1361320
1361350
1361510
1361680
1363080
1364020
1364210
1364390
1364780
1364930
1364960
1366540
1366800
1366810
1367020
1367080
1367490
1367550
1368030
1368130
1368430
1368460
1368820
1368910
1369320
1369470
1369630
1369670
1371580
1371630
1371720
1371980
1372110
1372280
1372530
1372810
1372880
1373090
1373960
1373970
1374490
1374840
1376200
1377380
1377580
1378310
1378990
1380070
1380410
1380910
1382070
1382330
1384160
1384770
1385380
1385510
1386730
1386780
1388590
1388770
1388880
1389990
1390350
1392960
1393350
1394800
1395030
1395560
1396240
1397390
1397920
1399080
1399720
1399780
1401390
1401590
1401730
1401770
1402110
1402220
1402480
1403370
1404210
1404850
1405490
1406180
1406990
1407200
1407450
1408610
1408720
1409730
1409830
1410640
1410710
1411910
1412510
1412570
1413480
1414850
1416260
1416920
1416960
1418100
1418630
1418870
1419160
1419170
1419640
1419850
1420350
1420770
1421250
1422130
1422440
1422450
1423330
1424330
1424800
1425250
1426050
1426210
1426440
1426450
1426490
1426730
1428820
1430190
1431610
1432050
1432860
1433140
1433420
1433570
1433990
1434480
1434950
1435790
1435990
1436120
1436700
1436990
1437400
1437760
1437820
1437830
1437880
1440500
1440670
1442430
1443200
1443350
1443440
1443820
1444480
1446650
1446780
1446850
1447000
1447430
1448440
1448530
1449070
1449200
1449560
1449690
1449850
1450900
1451090
1451190
1451810
1451940
1453850
1454400
1455630
1455660
1455840
1456820
1456940
1457080
1457320
1458100
1458140
1459730
1461810
1462040
1462570
1462810
1463120
1463920
1465360
1465460
1465470
1466060
1466640
1466860
1467450
1468260
1468720
1468810
1469250
1469610
1470110
1471180
1471190
1471200
1471270
1471410
1472560
1472660
1473250
1473350
1473480
1474700
1475810
1476970
1477020
1477060
1477070
1477590
1477610
1477830
1478220
1478540
1478860
1479140
1479730
1480120
1480370
1480560
1481080
1481170
1481340
1482520
1482620
1482860
1482910
1483870
1484720
1485590
1486350
1486630
1486920
1487210
1487290
1487390
1487410
1488200
1489630
1490130
1490610
1490890
1491000
1491410
1492070
1492330
1493640
1493760
1494420
1494460
1494810
1494840
1495320
1496790
1498040
1498570
1499560
1501610
1501750
1502190
1504570
1504620
1504980
1505620
1506280
1506810
1506830
1507190
1507580
1509510
1509960
15100
1510460
1510950
1511460
1511630
15120
1515210
1515950
15170
1517290
1517850
1517960
1519090
1519310
1519350
1519390
1520
1520370
1520470
15210
1521580
1521970
1522160
1522260
1522820
1522870
1523370
1523440
1525700
1526490
1526520
1526900
1527950
1529570
1530160
1530300
1530340
1530870
1531430
1531540
1533390
1533420
1534840
1534980
1535560
1536090
1536610
15370
1537830
1538570
1538970
1540960
1541020
1541760
1541780
1541840
1542950
1543030
1543240
1544020
1545450
1545560
1546320
1546540
1546570
1546970
1546990
1547000
1547890
1548520
1548850
1549030
1549180
1549250
1549970
15500
1550180
1551360
15520
1552350
1552550
1553000
15540
1554260
1556100
1556200
1556790
1556980
1557480
1557740
1558640
1559390
1559600
15620
1562420
1562430
1562700
1563130
1563180
1563940
1564600
1565140
1566200
1566390
1566410
1566420
1566690
1566880
1567020
1568590
1569040
1569090
1569580
15700
1570070
1570330
1571190
1571200
1571440
1573280
1573360
1574240
1574260
1574360
1574580
1574820
1575870
1575940
1577120
1578390
1578650
1578860
1579340
1579380
1580240
1580520
1580780
1581770
1582170
1583230
1583320
1583720
1584090
1584640
1584940
1585180
1585220
1585850
1587070
1587130
1587560
1588010
1588530
1589120
1590320
1590760
1590910
1591530
1591600
1591770
1592190
1592280
1592670
1593030
1593310
1593350
1593500
1594320
1594940
1597480
1599330
1599340
1599600
1599660
1600360
1600520
1601570
1601580
1601740
1602000
1602010
1603180
1604000
1604030
1604270
1604380
1605220
1606180
1606340
1607130
1607250
1607280
1607680
1608070
1608230
1608290
1608450
1610440
1610470
1611410
1611430
1611600
1611740
1611910
1612230
1612420
1612620
1612770
1612810
1613130
1614550
1615290
1618540
1619270
1619520
1619750
1619990
1620340
1620690
1621070
1621310
1621690
1622900
1622910
1623070
1623660
1623730
1623880
1624090
1624110
1624540
1625080
1625450
1627570
1627720
1628620
1629520
1630
1630280
1631080
1631470
1634500
1634680
1634720
1634860
1635450
1637320
1638220
1638720
1640
1640820
1641270
1641480
1641650
1641960
1642370
1643310
1643320
1644320
1644960
1644990
16450
1645320
1645820
1646850
1648390
1648440
1649010
1649080
1649240
1649730
1649950
1650010
1650980
1651350
1651560
1651960
1652250
1653240
1653970
1656240
1656780
1657090
1657630
1658040
1658150
1658280
1658290
1658820
1659040
1659420
1660080
1661260
1661320
1661630
1662140
1662210
1663040
1665190
1665460
1667400
1668080
1668510
1668520
1668540
1668690
1668940
1669000
1669980
16700
1670460
1671080
1671200
1671210
1671340
1672500
1672670
1672740
1672970
1674010
1674170
1674470
1674890
1675900
1676000
1676130
1676840
1677110
1677280
1677310
1677350
1677470
1677740
1677770
1679220
1679290
1679320
1680880
16810
1681430
1681770
1681970
1682060
1682260
1682970
1683150
1683560
1684170
1684350
1686820
1686940
1687670
1687950
1689500
1689620
1689910
16900
1690430
1690710
1690730
1690800
1690940
1691190
1691280
1691340
1692070
1692080
1692190
1692200
1692250
1693980
1694420
1695900
1696440
1696810
1699480
1700270
1700870
1701380
1701520
17020
1702010
1702140
1702330
1703340
1705180
1706820
17080
1708480
1708520
1708850
1709400
1709920
1711610
1711950
1712350
1712830
1712840
1713350
1714040
1715130
1715280
1715880
1716120
1716740
1717990
1718570
1718870
1719460
1721060
1721470
1722080
1722860
1722870
1723780
1724190
1724660
1724770
1725250
1725420
1726130
1726400
1727650
1729410
17300
1730700
1731070
1731270
1731720
1732180
1732190
1732430
1735420
1735700
1737040
1737100
1737340
1737870
17390
1739010
1740350
1740720
17410
1742020
1743770
17450
1745200
1745510
17460
1746030
1746930
17470
1747760
17480
1748620
17500
17505
1750770
17510
17515
1751880
17520
17525
17530
1753410
1753940
1754850
1754870
17550
1755830
1755910
1755920
1757490
17575
17585
1759380
1759440
1760250
1761270
1761390
1761620
1763200
1763250
1764530
1766060
1766740
1766790
1767560
1768280
1769170
1769420
1769830
17700
1770080
17710
1771300
1771980
1774580
1775390
1775490
1775550
1776380
1777620
1777760
1778820
1778840
1779990
1782120
1782210
1782380
1782570
1784570
1785150
1785650
1786200
1786790
1787090
1789480
1790310
1790600
1792250
1793030
1793090
1793250
1793440
1793660
1794470
1794680
1794960
1796470
1796790
1797610
1797880
1798010
1798020
1799220
1801110
1801520
1801650
1803580
1805360
1805480
1807080
1808680
1809540
1809700
1810580
1810820
1810920
18110
1811180
1811260
1811950
1811990
1812450
1812620
1812820
1814010
1815300
1815570
1815780
1816300
1816570
1816670
1817070
1817190
1817230
1817800
1818450
1818750
1820120
1822060
1822550
1823380
1824220
1825750
1826980
1827180
1827580
1827680
1827980
1829180
1829770
1829980
1830840
1830970
1831940
1832640
1833000
1834860
1836120
1836450
1836730
1839430
1839660
1839810
1839950
1840
1840080
1840560
1842810
1843080
1843760
1843940
1844380
1845910
1846380
1846920
1847150
1847520
1849000
1849250
1849610
1849790
1849900
18500
1850160
1850510
1850570
1850740
1850960
1851210
1851280
1851490
1856540
1857080
1857090
1857740
1858630
1858650
1859910
1860510
1861490
1863390
1863670
1863750
1864880
1864950
1865060
1865370
1865780
1866180
1866880
1868000
1868140
1868180
1869380
1869590
18700
1870300
1872770
1874000
1874390
1874490
1874880
1874910
1875060
1875830
1876590
1876890
1877020
1877960
1879330
1879840
18800
1880330
1881200
1881420
1881610
1881700
18820
1882500
1883260
1886120
1887240
1887400
1887840
1887930
1888160
1888340
1888430
1888930
1889620
1891700
1892030
1893810
1894430
1895130
1895300
1895630
1895880
1896170
1896700
1898210
1898290
1898300
1898830
1900
1901370
1901910
1902490
1902690
1902710
1902960
1903340
1904230
1904540
1904860
1905180
1905910
1905950
1907590
1907700
1908130
1909840
1910680
1911390
1911610
1912270
1912980
1913210
1913370
1913730
1914580
1914940
1915380
1915510
1918040
1918680
1919040
1919590
1920490
1920960
1922560
1923740
1924170
1924480
1924490
1926520
1927780
1928420
1928870
1928980
1929610
1929870
1930
1930600
1931180
1931770
1932640
1933650
1934570
1934680
1934780
1937480
1937500
1937780
1938010
1938090
1938300
1939160
1939560
1939970
1940340
1940810
1941000
1941780
1942280
1942440
1942660
1943950
1944430
1944570
1944790
1946160
1946180
1948280
1948800
1948980
1949190
1949740
1950450
1951220
1951410
1952120
1952250
1952370
1952410
1953520
1954160
1954200
1954420
1955830
1955960
1956040
1956740
1956800
1957780
1958220
1958390
1958600
1960270
1960410
1961460
1961600
1962770
1962890
1963040
1963370
1963570
1964220
1964360
1966720
1966900
1967430
1967600
1967630
19680
1968730
1969870
1970460
1970580
1971650
1971870
1972440
1973530
1973710
1974050
1975520
1976440
1977530
1978590
1979010
1979310
1979440
1980530
1980640
1980920
1981570
1981820
1983260
1984020
1985170
1985690
1985810
1985820
1985960
1987080
1988540
1988550
1989270
19900
1990110
1990690
1990740
1991040
1991140
1991860
1992090
1992330
1992900
1993130
1993150
1995520
1995730
1995770
1995890
1996430
1996930
1997040
1997410
1999360
1999770
20
200010
2000890
2000950
2001070
200110
2001120
200170
2001950
200210
200260
2003050
2003060
2003310
200370
2004320
2005010
200510
2005160
200710
2008100
2008920
200900
200910
2009350
2011600
201190
2012190
201230
2012320
2012510
201280
2012840
201310
2013240
2013360
2013570
2014780
2015240
2015270
201570
2016590
2016860
201700
2017080
201760
201790
201810
201870
2019810
2020060
2020580
2020710
202090
202130
2021590
202170
2021880
2021910
202200
2022270
2022670
2023760
2023830
2024070
2026000
2026820
2027330
2027400
202970
202990
203140
203160
203190
203290
203300
203350
203630
203750
203770
203810
203850
203970
204030
204080
204100
204120
204240
204260
204300
204340
204360
204450
204530
204630
204880
204980
20500
2050650
2050860
20510
205100
2051010
2051120
2051620
205190
2052040
205230
2052410
2053700
20540
2054970
205590
205610
2056210
20570
205710
2057550
205790
2058180
2058190
2058570
205890
205910
2059170
205930
205950
2059530
2059790
2059810
2060130
2060160
2060590
2061150
206190
206210
2063610
206420
206440
2064650
206480
2064870
206500
2065590
2066020
206610
2066510
2066750
2067050
2067100
2067780
2067830
2067850
2067920
2068280
2069310
206980
207080
2071280
207140
2071500
207170
207230
2072450
2073250
207350
2073850
2074800
207490
2074920
2074930
2075720
2075730
2076010
2076040
207610
2076330
2076350
2077750
2078230
2078450
2078890
207890
2079120
208050
2080690
208090
2081110
208140
2081400
20820
208200
2082410
2082470
2082750
2083070
2083160
2084000
2084050
208480
2084940
208500
2085000
208520
2085560
208580
208600
2086430
208650
2087030
2088160
2088250
2088570
2088840
2089250
2089600
2089760
2089980
20900
209000
209080
209100
209120
209160
209170
20920
209270
2093410
2093910
2093920
2093940
2095300
209540
2095450
209650
209660
2096600
2096610
209670
209710
2097570
2097720
2098350
2098510
209870
2099110
2100
21000
2101000
2101080
2102450
2103130
2103140
2103530
210470
2104890
2106520
2106640
2106670
2107670
2107680
210770
2108330
21090
2109370
2109460
210970
211
21100
211010
211050
2111170
2111860
2112280
21130
2113430
211360
2113850
2113920
211400
211420
2114740
211500
2116060
2116120
21170
211820
211880
2118810
2119270
2119490
212070
2121320
2121360
212160
212180
2121980
212200
212220
2122820
212370
212390
2124120
2124420
2124490
2124680
212480
212500
212542
2125790
212630
2126550
2126680
212680
2127010
212740
2128270
2128940
212910
2129490
2129640
2129880
213030
2130460
2131630
2131640
2131650
2132850
213330
2133670
2134320
2134770
2135150
213610
213650
213670
2138250
213850
2138610
2138710
2138720
2139020
2139460
2140020
2140330
2140510
2140650
2141300
214170
2141730
214190
2141910
214250
2142790
214340
214360
214420
2144740
214490
2145
214510
214560
214730
214770
214850
214870
2149290
214950
215080
215100
2151290
2151580
215280
215350
215360
215470
2154770
2154900
2155120
2155180
215530
2155770
2156210
2157560
2157680
215790
215830
215930
2160290
2161440
2161470
216150
2161700
216250
2162800
2163090
2163330
216390
216530
216570
2166060
216610
216690
2167580
2168680
216890
21690
2169200
2170420
2171280
217140
2171440
2171630
217200
2172010
2173150
2173600
2173800
217490
2175130
2175540
2176130
217750
2178070
2178420
2178480
2178590
2178970
217980
2179850
218
2180600
218130
2181610
2181930
2181940
2182180
218230
218310
218330
2183650
2183750
2183900
218410
218450
218470
2185060
218510
2185780
218620
2186320
218640
2186680
218680
2187070
2187220
2187290
218740
2190210
2190220
2190290
219150
219340
2193440
2193540
2194530
2195120
2195250
2195410
219600
219640
2196790
21970
219740
2197700
219780
2197890
2197910
21980
2198070
2198150
219830
219850
2198510
219890
219990
2199970
220
22000
220070
2200780
2201320
220160
2201710
2201940
220200
220240
220260
2202770
2203070
2203230
220440
2205850
220600
2206270
2206350
2206460
220660
220680
220700
2207490
220780
220820
2208510
2208570
220860
2208800
2208920
2209150
22100
221020
221040
221080
221100
2211170
2212330
221260
22130
2213190
221360
221380
2215390
221540
2215430
2215490
2216130
221640
221680
2216830
2217000
221810
2218400
2218750
221910
2219210
2221490
222160
2221920
2222400
22230
2223840
222440
2224640
222480
2225070
2226280
2226700
222730
222750
2228080
2228280
222840
222880
222900
222940
2229840
2229850
2229870
2229880
22300
2230070
2230110
2230280
2230650
2230710
2230980
223100
2231010
2231300
2231380
2231450
223160
2231770
22320
223240
223250
2232880
22330
2233120
2233790
223390
223470
2234800
22350
2235240
2236070
223650
223670
22370
223710
223750
2237970
22380
223830
223850
2238900
2239140
2239150
2239550
2239710
224060
224220
224260
224320
2243710
2244130
224480
224500
224540
224580
2245830
224600
2246340
2247170
224760
2248760
22490
224900
2250040
2250600
225080
2252260
2252270
2252570
2252580
2252590
225260
2253720
2254160
225420
2254740
2254890
225540
225600
225640
2257010
225840
2258570
2259670
22600
2262080
2262770
2263010
226320
2264340
2265230
226580
226620
2266940
226700
226840
226860
226980
2270590
227100
2271770
227180
2271930
2272420
2272540
2272900
227300
2273170
227320
2273420
2273430
2273580
2273980
227480
2275020
227520
227580
227680
2276930
227700
2277320
2277330
227760
227860
227940
2279500
2279730
2280
2281360
2281410
2281730
228180
228200
228260
228280
228300
228380
228400
2285150
2285240
228540
2285550
2285570
2286710
2287220
2287330
2287520
2287610
2287920
2288150
2288350
2288630
228940
2289450
2289650
2289720
2289970
2290000
2290180
229100
2291060
2291680
2291760
2291850
2292060
2292800
2293600
2293870
2294130
2294450
2294660
2294730
2295920
2296430
2296990
2298030
2299740
230030
2300320
230050
230190
230230
2302530
2302560
2302660
230290
2302990
2303350
230410
2305500
2305790
2305840
2307350
230840
2308870
2310
231060
2310700
2311190
231120
231140
2311680
2312630
2313020
2313250
231330
2313330
231350
2314160
231430
2315040
2315400
2315430
231550
2315690
2316400
2316660
231670
231740
2318310
2319030
2320
232050
232090
2320950
2321210
2321430
2321470
2321720
2322010
2322440
2322560
2324090
232430
232450
2324650
2325290
232750
232770
232790
232810
2328310
2328480
2328540
2328750
2328760
232890
232910
233070
23310
2331130
233130
2331330
2331960
233250
233270
233290
2333480
2334160
2334170
2334220
233450
233470
2334730
2336220
233630
233700
233720
233740
2337480
2337860
233800
2338140
233840
233860
2338770
233980
2340520
2340650
234080
234140
234190
2342920
2342950
234310
234330
2343600
2343650
234390
2344320
2344520
2345020
234530
234630
2346410
234650
2346550
2346630
2346660
234670
234710
2348120
23490
2349820
2351560
2353250
235340
2353760
235380
235400
2354000
235460
235540
235600
2356560
2356780
2357570
2358050
2358260
2358720
235900
2360210
236090
236110
236150
2361680
2362300
236370
236390
236430
236450
236510
2365810
2366120
236690
2366980
236730
236830
236850
236870
2369390
2369900
2370570
2370850
237110
2371540
2371630
237310
237410
2375550
2375780
2376170
237630
2376580
2377240
237850
2378620
237870
237890
2378900
237930
2379390
2379740
2379780
237990
2380050
238010
238090
2381590
2381620
238210
2382260
238240
2382520
238280
2383120
238320
238370
238430
2384580
238460
2384620
2385530
2385860
238590
2386720
238690
238750
2389040
238910
2389120
238960
2389930
239030
239070
239120
239140
239160
2391710
239200
239220
239250
2392520
2393160
239350
2394010
239450
2395210
2396240
239660
2396910
2396970
2396980
239820
239840
2399160
2399220
2399420
2399830
240
2400
2400340
2400400
2400430
2400510
2400770
2400800
24010
2401410
2401970
2402710
2403
240320
240380
240460
2404880
2405060
2406770
240720
2407270
2407300
240760
2407830
2408310
2408820
2409780
2410170
2410490
2411910
2412890
241410
2414270
2414710
2414860
2415010
241540
241560
241600
241660
2418520
241910
241930
2419650
24200
2420110
242050
2420510
2420660
2421410
2422090
2422620
2422870
2423300
2423620
242380
24240
2424010
242460
242550
242570
242640
242680
2426960
242700
242720
2427410
2427420
2427430
2427520
242760
2427700
242860
2428710
2428730
2428770
242920
2429350
2429640
2429660
2429860
2430830
2430990
2431660
2431880
2433470
243470
2434730
2435090
2435130
2436940
2437170
243730
243750
2437880
2438160
243870
2438990
243930
243950
2439510
243970
2439710
24400
2440380
2440510
244160
244210
2442460
244310
2444170
244450
2445660
2445690
2445990
2446550
2446600
244850
2448970
244930
2449710
24500
2450700
2451240
245170
2451740
2452080
2452090
2452260
2452280
2452310
2453360
245370
2454570
245470
245490
2455060
2455140
245550
2455640
245620
2456740
2456970
2457220
2457540
2458530
2458560
2458830
2458860
2459550
2460070
2460140
2461850
246280
246420
2464460
2464840
246620
2467810
246840
246900
247000
247020
247080
2471100
247120
24720
2473480
2473490
24740
2475490
2476940
2477010
2477290
247730
2477340
24780
2478080
2478210
247890
2478970
24790
247910
247950
2479810
2479830
24800
24810
248170
248330
2483840
248390
2484110
2484250
2485190
2485270
2485460
2485640
248570
24860
248610
2486740
2487060
2487070
24880
248820
2488370
2488510
2488620
249050
2490990
249130
2492040
2492260
249230
2492430
2493100
2494340
2494350
2494960
2495050
2495100
2495220
2495450
2495750
2495980
24960
249650
2497550
2497920
24980
2499470
2499520
2499800
249990
2500750
2501600
250180
250320
250340
2503770
250400
2504090
2504480
250520
2505570
2506160
250760
2507600
2507950
2507980
250900
251040
251060
2510710
2510720
2510960
2511310
2511320
251150
2511500
251170
251290
2513240
2513280
251410
2514960
2515020
251530
251570
251670
251730
2517850
251970
2519830
251990
252030
252130
2521380
252150
252170
252410
2524440
252450
252470
2524890
252490
252530
2525310
2525380
252610
2526380
252670
2526720
2527390
2527500
2527520
2527870
252850
252870
252950
2529820
253030
2530470
2530980
2531310
2531940
253230
253250
2532550
253490
2535680
253610
253650
2536840
253710
2537590
2538150
253860
253880
253900
253920
253940
253960
253980
2540100
2540300
254060
2540630
254080
254100
2543180
254370
2544090
2544110
2544720
254700
2549130
2549740
2551020
2551500
255220
2552430
2552440
2552450
255260
2552960
2553870
255420
2554670
255480
255520
255710
2560370
2561580
2562730
256290
2563970
256410
2564520
2567870
2569510
25700
2570210
2570630
2570840
257170
2572270
2572370
257350
257420
257510
257730
257750
257830
257850
2579730
25800
2580190
2581010
2581050
2581470
2581500
258160
2581700
2581950
2582560
2582650
25830
2584990
2585120
258520
2585830
2586520
2586650
258700
25890
258970
2589920
25900
2590150
259080
2591210
2591280
2591410
259320
2593370
259340
259360
259430
2594540
2594920
259510
259550
259680
2596880
2597080
2597590
2597950
259810
2598690
2600
2600150
2600600
260210
260230
260250
260410
260430
2604480
2606170
2606890
2606950
2607060
260730
2608270
2608350
261020
261030
2610610
261110
261140
261180
2612700
2614070
2614110
261430
261470
261550
261570
2616140
261640
2616460
2617700
261820
2619650
2620
262060
2622000
2622380
262280
2623190
262390
262410
262450
2625420
2625510
2626940
2627540
2627570
262940
2630
263060
263280
2633700
263440
2634890
2634950
263540
263740
2638370
263860
2639100
263980
2639810
264060
264140
2641470
264200
2642190
264240
264260
2642660
2642680
2644470
2644610
264480
2646460
264710
2647230
2647680
2649480
2649970
26500
2651280
265300
265360
2653790
265380
2653940
2654250
2654470
2654540
2654630
265550
265590
265610
265630
2656540
2657120
265750
2658710
265930
2659900
2660090
2660460
266050
266310
266410
266510
2665460
2665680
2666510
2667120
2667960
2667970
2668080
266840
2668430
2668510
266910
2669320
2669410
2670630
2670760
2671970
2673070
2674290
2674590
2674810
2674820
2675290
267530
267550
2677660
2678990
267920
2679460
267980
2680010
268050
2680550
268130
268240
2682580
2683150
268400
268420
2684500
268500
2685620
268650
2687190
268750
2687760
268850
268870
2688950
268910
2689120
2690010
2690160
2691730
269210
2692440
269270
2693060
2693120
2693930
269430
2694490
2695490
2695570
2695940
2696030
2696050
269710
2697490
269770
2697910
2697930
2698780
2698940
2699000
269950
2699820
2700
2700330
270090
270150
2701510
2701660
2702360
270370
2703850
2704110
270550
2706170
2706300
2707070
2707490
2707900
2707930
2707940
2708280
2708450
270850
2708610
270880
2708950
2709440
2709570
2710480
2710500
271240
271260
271290
2713690
2714970
271550
271570
271590
271640
2716400
2718190
271860
2719030
2719150
2719160
2719290
2719910
2719940
272060
2721600
272270
272350
272470
272510
2725260
2725560
2726120
2727210
272890
2729930
2730540
273110
2731870
2732960
273350
2737070
273770
2738000
2738040
2738490
2739590
2739600
2739990
274170
274190
2742830
274290
2743080
2744150
2744170
274520
274560
274900
274920
274940
2749770
2750000
2750080
2751000
2752710
275390
2754380
275470
275490
275530
2756310
275670
2756770
2756920
2757330
2757350
2758000
275850
2758540
2760
2761670
2763740
2764370
2764900
2765230
2767030
2767520
276810
2768430
2770380
2772560
2772750
2773280
2774160
2774380
2774830
2776450
2776810
2776860
2776900
2778430
2778490
2778670
277870
2779430
277950
2779750
2780710
278080
2780980
2781320
2782410
2782530
2782610
278360
2784470
278460
2784840
2786180
2786680
2787320
2788770
2789460
278970
2790800
2790880
2791440
2796010
279640
2797000
279720
2797340
279740
2799930
2800260
280140
280160
2802060
280220
2802820
2803000
280320
28050
280520
280620
280640
2806410
2806640
280680
2807150
280790
2808930
2809040
281060
281130
2811830
2811970
2814870
281610
281640
281690
2816950
2817690
2818150
2818260
2818760
2819520
2819550
281990
2820
2820130
2820140
2820670
282070
2820820
282100
282140
2821800
2821890
282210
282350
2823890
282440
2825530
282560
2825840
2826180
282660
2826800
2827230
2827560
282800
2828500
282880
2828860
282900
283000
2830150
283020
2831050
2832330
283390
2834600
2835110
2835570
283640
2838550
283880
2840770
2841350
284160
284180
2841820
2842040
2842890
2842990
2843190
2843640
2845250
2845270
2849080
284930
284950
284990
2850000
285010
2850190
285050
285070
285090
285130
285160
285190
285310
2853160
285330
2853590
2853730
2854160
2854290
2854740
2855560
2857880
285800
285840
285900
285920
2859390
286000
2860000
286040
286120
286160
286200
2862610
2862890
286300
2863160
2864560
2864890
2865490
286570
2866540
286690
2868860
286940
2869860
2870
2870020
2870430
2870840
2870990
2871440
287290
2873080
287390
287450
2875110
2875140
2875610
2876550
287680
287700
2877160
2877540
2878040
2878420
2878600
2878960
2878980
287920
287980
288040
288060
2880730
2881230
288160
2881650
288390
288470
288570
2886660
2887520
2887860
2888120
2889840
289070
2890830
289090
2890980
289130
2892880
2893830
289420
2894940
289520
2896310
289650
289690
2897580
2897760
2899050
289930
289950
2900530
290080
290140
2901520
2901550
2902000
290300
290340
2903560
2903690
2903950
2904000
2905170
290650
2906960
290710
290730
290790
2908480
2909110
290930
2909400
291170
2911710
291210
291410
2914260
291480
2915460
291550
2916430
291650
2916770
2918150
2918300
291860
2919560
292000
2920270
292030
2920570
292120
292140
2922150
2923300
292370
292380
292410
2924170
292570
292620
292730
2928280
2928520
292910
292990
2930120
2930160
293180
2932580
293260
2932930
2933080
2933130
293320
2933700
2934770
293540
2935400
293560
2935730
2936120
2936310
2936410
2936880
293760
293880
2939640
294020
2940200
294040
294100
2941070
2941710
294230
2942780
2943280
2943650
2943730
294420
2947380
294750
2947610
2947640
294860
2950340
2950370
295110
2951290
2951630
295270
295330
2954600
2955300
295550
295650
2957700
2958310
2960430
296050
2961530
2961880
2962300
2962480
2962810
296300
2963540
2963840
2963870
2963880
296470
296490
2965230
2965660
2967990
296870
296930
297000
297020
297130
2971510
2971610
29720
2972990
297450
2977660
297810
2979650
29800
298030
298050
298110
298160
2981610
2981670
298180
298240
2984660
2985020
298520
298600
298610
298630
2987980
2988300
298900
2989060
2989250
2989720
2989770
2989820
2990
29900
2990110
2990630
299260
2992820
299360
2993780
2994020
2994430
299460
2994910
2995280
2995470
2996040
2996990
299740
2999110
2999200
30
300
3000030
300080
3002370
3003300
300380
3004100
3005070
300550
300820
3010230
301120
3011360
3011460
3011560
301190
301200
3012370
3012490
301320
3013470
3014080
301520
3015610
301640
3016760
301680
3016800
3017120
3017450
301750
3017860
301910
302010
3020510
3021100
3021170
3021540
3021630
3022140
302270
3022740
3022810
302310
3023190
302320
302470
302510
3025290
302550
302670
3026980
3027930
302830
3028310
3028500
3029950
3030270
3032020
303310
303390
303510
3035500
3035570
3036010
3036080
303720
3037410
3037490
3039040
303910
3039140
304030
3040390
304050
3042190
304240
3043440
304390
304410
304430
3044740
304530
3046430
304650
3046600
304670
3047030
304730
3048820
304930
305050
3050630
3051280
3052450
305260
3054490
3054610
305620
3056370
3056550
3056600
3056880
3057390
3057940
3058630
3059070
3059520
306020
3060300
3060770
306130
3061570
3061810
3062380
3062410
3062930
3063070
3063130
306350
3063520
3064010
306410
3064270
3064370
3064950
3065090
3065170
3065470
3065860
3066060
3066470
3066570
3066830
306760
3067770
306830
3068300
3068700
3069120
3069470
3069530
3069620
3070070
3070330
3070500
3070520
307070
3070750
3070880
3071740
3072340
3072750
3073460
307350
3073680
3076350
3076520
307690
3077020
3077030
3077280
3077390
307780
3078300
3078390
3078700
307880
3079280
307950
307960
308000
308040
3081340
3083200
3083300
3085950
308600
3089130
3090980
3092450
3092660
3094010
3094130
3094310
3095590
3096560
3096730
3097560
3097920
3098560
3099020
3099520
3099640
3099660
310
3101720
3102400
3103780
310380
3103840
3103930
310470
3104960
310560
3105760
3106770
310700
3107070
3107080
3107230
3107330
3107770
3108510
3108710
3109050
310950
3109580
3110330
3112010
311210
3112260
311240
311260
311290
311310
311340
3114410
3115010
3115590
311560
3116890
311690
311730
311770
3117820
311860
312060
312070
3121070
3121110
312200
3122250
3123410
3123830
312450
3124550
312520
3125250
312530
3126150
312640
3126470
312660
312670
3127280
312750
3127650
312780
31280
312840
312990
313010
313020
3130330
313120
313140
313160
3132860
3132990
313340
313480
3135530
3136470
313690
313730
313830
3139890
313990
314000
3140120
314030
314160
314210
314250
314410
314430
3145170
3145660
314650
3146520
314660
314700
314710
3147430
314970
314980
3149930
3150440
315060
315070
315080
3151320
3151380
3152030
315210
3152640
3153190
315330
3154560
3155720
3155730
315640
315660
3156770
3158270
3159330
316010
316390
3164330
3164420
3164500
3165720
3166530
3167180
3167230
3167540
3167550
316790
3168260
3168310
3168600
3169100
3169620
3169680
3170
3170150
3170540
3172560
3173560
317360
31740
317400
3174070
3174640
317470
317600
3176060
3177920
3177970
317820
3178350
3179730
318020
318100
318220
3182520
3183280
3183310
3184110
318430
3185760
318600
3187030
3187290
3188550
3188910
3189430
3190970
3191030
319150
319180
3194550
319510
3195790
319630
3196540
319830
3198850
3199170
320
320150
3201860
3202020
320240
320300
3204020
3204250
320430
3205720
3209670
3209830
321030
321040
321150
3211680
3212570
321270
321360
3213850
321400
3216870
3217240
3217600
3217940
321800
3218580
3218600
3218710
321920
321950
321960
322170
322190
3222960
322330
3224420
322460
3224770
322500
322520
3225620
322610
3226530
322780
3227970
3228480
322850
3228590
322920
3230990
3231090
323190
3232970
32330
323370
3233760
323470
323580
32370
323850
3238670
3238740
323910
3240220
324060
324080
3241280
3241370
324160
3241660
3241760
3242130
3242750
32430
324310
32440
3244210
3244220
324510
32460
32470
3247080
324800
324810
32500
32510
3251530
325180
3253440
325470
3255380
325600
325610
3256420
3257000
3257380
3258200
3259470
3260140
3260340
3261010
326120
3263320
326360
326410
326460
3265250
3267900
3267910
326990
327030
3270360
327070
327220
3273240
327400
327410
3274300
3275270
3275500
327670
327680
327690
3279120
32800
328080
3283250
328500
3285500
3285700
3285810
3287520
3288270
3288300
328940
329000
329050
329110
329130
3292340
329380
329430
3296150
329830
329950
329970
330020
3300410
3301060
330350
3307890
330830
330840
3308670
3310
33100
33120
3313500
331370
3314060
3314070
331470
3315330
331600
331670
331710
331790
3319980
3320
3320480
332070
3321660
33220
33230
332310
3323870
332480
33250
332500
332780
332790
332800
332850
3328720
3329480
332950
3330
3330250
3330280
33310
333250
333420
33350
333600
333640
3337140
333740
3338320
333930
3339420
333950
3339780
334040
334070
3340750
334120
3341250
334210
334230
334300
334310
33440
33460
334620
3347400
3347520
3347820
3347970
334850
334920
3350140
3350200
3351700
335210
3352180
335240
3352550
335300
335330
3354780
335550
3355800
335620
335670
3358250
3358440
3358510
335900
3359200
3359320
3361040
3361470
336150
3362820
336510
336520
3366290
3368750
3369090
337000
3371240
3372980
337320
3373660
337410
3376250
3378400
337950
338050
3380520
3380740
338120
338170
338180
338390
3384440
338530
338540
3386470
338840
3389330
33910
339120
339160
33920
339280
33930
339340
3393750
339400
339470
3395140
339600
339610
339800
339820
339860
339900
3399950
3399960
34000
3400000
340030
3400570
340070
3400930
34010
340170
3402530
34030
3404470
3404800
340650
3408110
340820
340830
341000
34110
3411730
3411830
34120
341310
3413340
3413480
3413590
341380
3416070
3417590
341800
3418030
3418570
3418690
341940
3419430
3421580
34220
342200
3424520
342560
342570
342580
342640
34270
3427090
342740
3427660
342940
342970
343100
3431040
343270
3432970
34330
343360
3433810
343390
343440
34350
343690
343710
3437340
343780
3438800
343930
344040
344130
3441460
344230
344260
344300
3445320
344740
344750
344760
3447690
3448280
344850
344880
344910
3449820
3449850
3451610
345180
345220
345240
345260
3453220
345330
345350
3453600
345440
3454590
3454610
3454650
345520
3456580
3457300
3457380
345920
346010
346080
346110
346120
3462260
3462440
346290
346330
3464460
346500
3465270
346670
346780
346900
346940
346950
3471350
3472550
3472890
3473170
3473500
347430
3474460
3474700
347560
3476690
3477300
347830
3478870
3480
348020
34830
3483470
3483740
348450
348550
34870
348730
3487310
348740
3487890
3488310
348870
3489700
34900
3490390
349040
3491970
349440
349460
349580
3496000
349620
349700
3497380
3498270
3499150
350080
3501610
350280
35030
350470
3504830
350500
350640
350710
350810
351030
3511030
351160
3513350
35140
351470
351510
3516070
3516180
3517040
351710
351720
3517620
3518920
351920
351940
351970
3521320
352220
352400
352460
3525400
352550
352720
3527290
3529590
353270
3533100
3533260
3534830
3536380
353640
3540
354140
354290
3543350
3544200
3544860
35450
3545990
35460
354640
3546740
3547690
3547900
354850
354860
354920
3549220
355000
355020
355120
355180
355190
3553210
3553500
3556770
3557620
355790
355840
355920
3560320
356040
356070
3561400
356190
356200
3562740
356330
3563400
356420
3564400
3564860
356500
3565440
356570
356650
356880
3569500
35700
357070
357190
35720
357280
357290
3575790
3576170
3576710
357770
357780
357900
3579100
3579550
3580580
358070
358080
358130
3582450
3586060
3589100
3590
3591550
3592300
359310
359320
359340
3594620
3594780
359550
359560
359840
359870
360170
360430
3604320
360600
360620
360640
360650
360750
3607700
360830
3608380
360850
360890
3609170
360940
360970
3609770
361190
361280
361300
361420
3615160
3616590
361800
361850
361890
3620
362140
362150
362300
3623800
362400
3624190
362490
3625270
362610
362620
362680
3627870
362890
3628960
362960
363090
363110
363150
3633350
363490
3634900
363610
363620
363680
3637540
363890
363970
3640000
364050
364210
364360
364370
364420
364470
364690
364890
364910
365110
365170
3651790
365310
3653260
365360
3653800
365400
365420
3654460
365450
3655150
365580
365590
365670
365960
3660700
366090
36620
366220
36630
3664010
366440
366760
366890
3669060
366910
3669720
367270
3674060
367450
367500
367520
367540
3675440
367670
3679950
368070
3681150
3682050
368230
368260
368340
368360
368420
3684820
368500
368590
368710
368750
368760
368770
368780
368900
3689520
368990
369000
369040
369200
3692220
369310
3694620
3696100
3697240
369990
370050
370090
3700960
370100
370170
370240
370510
370640
370690
3706960
3706990
370700
370770
370780
370910
3710390
3710780
371200
371210
371330
371390
3714190
371420
371460
3715300
371570
371660
371690
3718730
371970
3720
372000
372210
372360
3724140
372740
372750
3727950
372800
3728160
3729960
3730180
373110
373290
373420
373600
373680
373930
373970
374040
374280
374320
374830
3749450
3749780
374980
375010
375230
375320
375450
375460
3754700
375480
3754930
375510
375520
3755280
375530
375620
375680
375760
3758470
375850
375900
375910
3759360
375950
375960
376210
376300
3763830
376570
376730
376870
377160
377300
377310
377530
377600
377840
377980
378100
378120
378180
378270
378540
378720
378760
378850
378860
379430
379720
380
3800340
380120
380360
380550
380560
380580
380600
380700
380790
381000
381140
381210
381570
381640
381690
382030
382080
382110
382120
382140
3821770
382240
382300
382310
382490
382560
382850
382940
3830
383030
383080
383120
383150
383180
383270
383330
383560
383580
3837240
383840
383870
383980
38400
384030
38410
384110
384150
384180
384190
384300
384490
384590
384740
384950
384960
385020
385070
385080
385150
385200
385240
385270
385400
385630
385730
385760
385770
385830
385900
38600
386010
386070
386110
386180
386280
386360
386420
386490
386620
386750
386800
386870
386940
38700
38720
387290
387340
387840
387990
388050
388080
388090
388120
388160
388210
38830
388390
388410
388420
388520
388620
388660
388750
388870
388960
389040
389270
389300
389430
389460
389570
389700
389730
3900
39000
390570
390670
390880
390970
3910
391000
391040
391070
391120
391130
391140
391160
39120
391220
391260
391300
39140
391420
391460
39150
391540
391560
39160
391600
391660
391720
391730
391740
39190
3920
392050
39210
392110
392160
39230
392470
392730
392820
392870
392930
392940
393080
393100
393380
393420
393430
393530
394230
394310
394360
394510
394540
394690
394870
39500
39510
395170
395200
395380
39540
395400
39550
395570
395920
395930
395980
396160
396360
396530
396750
39680
396850
39690
397060
397340
397350
397460
397500
397530
397540
397580
397620
397700
397720
397740
397900
397950
397980
39800
398070
398590
398680
398710
398830
398920
398970
3990
399000
399230
399270
399420
399430
399580
399790
399810
399910
400
4000
400040
400170
400240
400250
400370
400510
400630
400740
400750
400790
40100
401190
40140
401560
401870
402170
402220
402390
402560
402570
402710
402840
402940
402980
40300
403190
403560
403570
403640
403740
40390
403900
40400
404410
404590
404630
404680
404690
404700
404730
404770
404790
404850
404890
405310
405440
405640
405710
405900
405950
405970
406090
406210
406290
406350
406550
406670
406730
406970
40700
407000
407120
407130
407230
407250
407510
407530
407740
407750
407880
40800
408110
408410
408760
408900
409340
409350
409420
409440
40950
40960
40970
409710
409720
40980
40990
41000
41005
41010
410110
410210
410320
410340
410380
410560
410590
41070
410900
410970
410980
411300
411370
411740
411830
412020
41210
412150
412170
412210
412220
412290
412600
412730
412830
412880
41300
413150
413410
413420
413510
414070
414080
414290
414340
414460
414530
414580
414700
414730
414740
414920
41500
415200
415600
415660
415830
415840
415880
415960
416040
416060
416080
416170
416270
416290
416370
416450
416610
41700
417430
417860
417910
41800
418000
418030
418040
418070
418180
418240
418270
418340
418370
418460
418530
418610
418670
419270
419480
419590
420
420000
420110
420210
420290
420530
420560
420740
420850
420970
421020
421040
421050
421060
421170
42120
42160
421650
422100
422250
422810
422870
423230
423550
423580
423710
423720
423920
424000
424030
424170
424280
424370
424830
424840
424870
425580
426000
42640
42650
42680
42690
42700
42710
427100
427270
427290
427410
42750
427520
427610
427730
427780
427920
427930
427940
427980
428430
428510
428630
428690
42890
428900
428950
429050
429060
42910
429280
429470
429570
42960
429660
429700
429790
42990
429950
430080
430440
43110
431240
431270
431560
431590
43160
431640
431710
431730
431740
431750
431860
431930
431960
431990
432020
43210
432150
432170
432260
432280
432350
432410
432470
432990
433210
433340
433350
433530
433850
433950
434010
434050
434170
434210
434220
434250
434460
434530
434610
434650
434780
434890
434920
435030
435120
435150
435420
435530
435790
435800
436140
436150
436180
436520
436530
437180
437220
437390
437890
437900
437920
438000
438010
438020
438030
438040
438100
438140
438180
438480
438490
438640
438680
438740
438820
439190
439250
439350
439550
439700
439920
439930
440
440650
440790
440900
441550
441830
441870
441960
442000
442070
442080
442120
442780
443030
44310
443110
44320
44350
44360
443680
443810
443940
444090
444200
444220
444280
444290
444410
444460
444480
444490
444520
444560
444640
444690
444720
444790
444940
445170
445190
445220
445310
445880
445980
446020
446150
446380
446640
446780
446800
447020
447040
447500
447530
447820
447850
447880
447920
448050
448060
448070
448250
448260
448280
448350
448440
448470
448500
448510
448560
448610
448630
448640
448660
448780
448830
448940
449060
449120
449140
449170
449200
449210
449220
449280
449300
449440
449530
449540
449630
449680
449760
449800
449940
449960
4500
45000
450030
450060
450110
450190
450540
450740
450850
450860
451020
451340
451700
451830
451880
451920
452230
452280
452780
45300
453090
453270
453480
453670
453820
453830
453850
453980
4540
454040
454080
454100
454120
454150
454180
454200
454220
454460
454650
454670
454690
454890
454930
454970
4550
455000
455130
455690
455710
455940
455980
4560
456610
456660
456670
456750
456810
456980
4570
457140
45740
457440
457490
45760
457710
457820
457930
457940
4580
458030
458420
458430
458520
458600
458710
458750
458900
458940
459100
459160
459220
459410
459510
459820
459910
460120
460660
460790
460810
460870
460910
460920
460930
460940
460950
460960
461140
461280
461360
461370
461380
461390
461490
461520
461570
461640
461690
461720
461730
461870
461880
461890
461910
462030
462110
462200
462370
462400
462730
462770
462780
462930
462960
463000
463040
463050
463100
463110
463150
463180
463210
463220
463240
463520
463530
463620
463670
463680
463710
463830
463880
464340
464350
464760
464920
464960
46500
46510
465190
46540
465650
466130
466170
466240
466300
466480
466560
466580
466660
466730
466790
466840
466860
466890
466910
467000
467010
467090
467120
467310
467370
467390
467950
467960
468490
468920
469600
469730
469890
4700
470220
470270
470310
470450
470600
471230
471710
473140
473470
473500
473510
473520
473540
473560
473580
473620
473630
473640
473650
473690
473710
473730
473740
47400
474050
47410
474750
474820
474830
474960
475150
475220
475240
475430
475550
4760
476460
476480
476600
476620
47700
477160
477290
477740
47780
47790
477980
4780
47810
47830
47870
47890
47900
479030
479130
480
48000
480430
480490
480650
480780
481510
481600
48190
48210
482120
48220
48240
482400
482730
482750
482770
482890
482920
484830
484900
484950
4850
485220
485310
485330
485350
485390
485410
485420
485430
485440
485450
485460
485490
485500
485510
485560
485570
485580
485610
485730
485740
485830
485860
485870
485920
485950
486020
486150
486310
486340
486360
486480
486820
486850
48700
487120
48720
487220
487270
487330
487370
487420
487530
487700
487720
488200
488210
488480
488580
488790
488860
4890
489020
489160
489220
489240
489520
489570
489580
489630
489830
489940
490110
490220
490690
490870
490880
490910
490940
490980
490990
491010
491030
491080
491250
491260
491280
491530
491540
491650
491720
491730
491950
4920
492130
492240
492600
492630
492720
492760
492800
492830
493280
493340
493370
493490
493520
493540
493650
493700
493710
493730
493760
493820
493840
493900
4940
49400
494120
494290
494660
49470
494820
494840
495120
495140
49520
495350
49540
495420
495560
495570
495630
495780
495890
495910
49600
496300
496320
496440
496460
496500
496600
496640
496650
496680
496750
496870
497050
497240
497350
497400
498240
498320
498620
498660
498700
498840
49900
499050
499420
499960
50
500
500100
500440
500670
500980
501080
50130
501300
501480
501590
501690
501800
501830
501840
501880
501900
501920
501930
502090
502100
502140
502150
502280
502400
502500
502520
502570
50280
502800
502910
50300
503220
503240
503320
503420
503430
503560
503680
503820
503830
503900
503940
504130
504210
504230
504310
504370
504490
504730
504770
504880
504980
505210
505230
505440
505460
506140
50620
50650
506540
506610
506670
506770
506840
507360
507380
507390
507400
507490
507520
508140
508170
508180
508200
508290
508440
508630
508670
508760
508820
508840
508960
509000
509110
509220
509240
509310
509840
509980
509990
510220
510510
510840
51100
511160
511330
511340
511470
511490
511680
511800
512020
512160
512250
512410
512450
512470
512550
512640
512700
512740
512770
512900
513000
513230
513340
513510
513530
513540
513570
513590
513600
513610
513620
513630
513650
513710
513720
513740
513780
513880
513930
514360
514460
514540
514580
514660
514970
515180
515220
515310
515470
515570
515690
515910
516010
516230
516700
516750
516950
517010
517190
517630
517710
517790
518100
518150
518790
518800
519190
519860
519890
520440
520520
520530
520720
521130
521230
521240
521430
521590
521630
521830
521890
521930
521940
521980
522010
522050
522090
522210
522230
522340
522470
522570
523150
523160
523230
523660
523790
524030
524220
524340
524440
524660
524680
525150
525190
525290
525300
525460
525480
525920
526160
526290
526390
526460
526540
526580
526740
526790
526870
527230
527430
527460
527480
527490
527540
527550
527710
527750
527760
527770
527790
527800
527810
527990
528070
528080
528090
528170
528200
528210
528230
528510
528660
528670
528700
528740
529180
529240
529340
529420
529760
529900
529920
530070
530540
530550
530620
530700
530860
530920
531490
531510
531520
531640
531800
531920
532030
532110
532210
533120
533180
533200
533300
533340
533540
533620
533640
533660
533710
533780
533820
533860
533910
533950
534010
534370
534380
534500
534560
534570
534960
535230
535250
535260
535290
535400
535760
535930
536040
536220
536270
536340
536410
536490
536750
536930
537090
537180
537200
537280
537360
537700
537800
537860
538030
538060
538590
538660
538680
539350
539440
539450
539460
539470
539700
539720
539750
540020
540190
540310
540860
540900
541100
541180
541210
541230
541300
541370
541380
541570
541920
542280
542340
542430
542650
542660
542690
542750
542880
542930
542971
542972
543170
543320
543360
543420
543460
543650
543770
543780
543790
543900
544180
544310
544330
544550
544610
544730
544750
544810
544870
544920
545280
545320
545350
545360
545370
545470
545560
545580
545650
545690
545700
545860
545950
546050
546090
546200
546340
546380
546400
546430
546450
546560
546660
546700
546920
546930
546980
546990
547040
547090
547210
547310
547470
547680
547710
547860
547960
548080
548430
548480
548570
548710
548720
549240
549810
550
550010
550040
550320
55040
550470
550650
550670
550810
550890
550900
55100
551080
55110
551110
551170
55130
55150
551500
551550
551670
551680
551730
551930
552100
55230
552500
552520
552570
552620
552660
552700
552780
55280
552900
552980
552990
553180
553260
553310
553340
553420
553520
553540
553610
553640
553790
553820
553850
55410
554330
554530
554620
554770
554800
554900
555000
555100
555160
555220
555260
555430
555440
555510
555570
555660
555670
555700
555710
555760
555850
555920
555930
555940
555950
555980
556010
556110
556120
556160
556260
556280
556870
557030
557180
557190
557260
557340
557400
557580
557680
557790
557810
557970
558100
558230
558610
558620
558660
558810
558990
559100
559200
559460
559500
559650
559940
560130
560380
560710
561340
561770
562010
562240
562270
562330
562360
562430
562520
562590
562600
562640
562650
562660
562710
562730
562760
562810
562860
563120
563140
563150
563520
563560
56400
564210
564230
564310
564520
564530
564710
564980
564990
565110
565200
565340
565860
566050
566060
566090
566220
566430
566440
566560
566670
566990
567000
567060
567140
567150
567160
567170
567210
567220
567250
567280
567290
567580
567600
567630
567640
567680
567780
567940
567980
568130
568200
568220
568320
568450
568500
568650
568670
568720
568780
568810
568860
568880
568890
569210
569290
569330
569430
569480
569610
569840
569860
569970
570
570500
570780
570890
570940
571020
571260
571310
571740
571870
572010
572230
572410
572520
572600
572890
57300
573090
573100
573120
573210
57400
574580
574620
574630
574640
574690
574720
574810
574820
574850
574980
575000
575090
575130
575140
575330
575460
575470
575490
575550
575570
575580
575630
575680
575700
575720
575750
575760
575770
575780
575830
575840
575860
575870
575890
575900
575910
575920
575950
57600
576010
576050
576080
576120
576130
576310
576390
576410
576440
576470
576480
57650
576540
576660
576690
576730
576810
576880
57690
57730
57740
577460
577740
577760
577800
577890
578080
578180
578250
578260
578310
578330
578440
578590
578650
578990
57900
579150
579180
579230
579800
580150
580200
580560
580910
580970
581000
581010
581030
581050
581100
581200
581280
581320
581340
581350
581380
581430
581470
581600
581610
581620
581640
581670
581680
581690
581700
581710
581720
581800
581820
581840
581970
581980
582010
582160
582280
582290
582430
582480
582500
582580
582660
582890
583010
583470
583490
583660
583760
583950
584100
584210
584400
584780
584800
585020
58510
58520
585220
58540
585410
585420
585550
585560
585580
585690
585720
585750
585770
585780
585790
585830
585860
585940
585950
585970
586090
58610
586130
586140
586170
586190
586200
586350
586380
586400
586470
586480
586520
586530
586540
586600
586620
586790
586960
586970
587050
587210
587390
587520
587590
587620
587710
587750
587790
587810
587830
587970
588030
588040
588100
588160
588210
588240
588430
588650
588710
588920
589120
589290
589360
589390
589420
589430
589490
589530
589590
589640
589730
589770
589870
590380
590420
590830
590870
590950
591080
591530
591560
591740
591790
591950
591960
592060
592490
592580
592590
592600
592730
593030
593150
593280
593290
593600
593670
593880
594330
594570
594640
594650
594720
594770
595280
595320
595340
595440
595460
595480
595520
595640
595690
595780
596060
596170
596350
596440
596590
596650
596690
596810
596870
596970
597110
597170
597180
597220
597230
597760
597820
597990
598060
598330
598470
598700
598810
598960
599090
599100
599140
599390
599460
599750
599880
599990
6000
600310
600330
600450
600480
600750
601010
601050
601150
601180
601280
601340
601360
601430
601510
601590
601640
601650
601840
601930
6020
602170
602220
602320
602520
602830
602880
602890
602910
602920
602960
602990
603000
603030
603040
603060
603090
603150
603220
603250
603290
603360
603370
603570
603750
603770
603780
603850
603860
603960
604010
604040
604140
604150
604160
604200
604500
604540
604570
604780
604830
604900
605220
605230
605470
605500
605510
605520
605530
605740
605910
6060
606050
606140
606150
606230
606280
606330
606750
606800
606880
606960
607030
607050
607080
607210
607260
607270
607440
607700
607890
608390
608540
608560
608660
608800
608830
608990
609100
609150
609180
609320
610080
610120
610130
610180
610370
610390
610660
610670
610730
610750
610780
610930
611150
611360
611500
611530
611660
611670
611780
611790
611860
611960
612020
612250
612290
612430
612470
612510
612880
613010
613100
613250
613830
613900
614030
614460
614570
614660
614910
615090
615530
615680
615690
616030
616360
616520
616560
616720
61700
617170
617240
617290
617330
617420
617670
617710
618030
618120
618140
618260
618340
618490
618510
618610
618630
618750
618840
619080
619220
619290
619330
619340
619400
619520
619610
619700
619730
619740
619780
619820
619890
620
62000
620130
620240
620310
620530
620590
620790
620980
62100
621060
621150
621220
621830
622010
622220
622530
622590
622630
622650
622720
622820
622870
622920
623280
623550
623580
623940
623990
624090
624120
624140
624910
625340
625370
625400
625860
625950
625960
626630
626690
627270
627670
627690
627950
628050
628060
628070
628080
628340
628420
628490
628520
628570
628580
628670
628750
628760
628840
628850
628860
628890
629280
629380
629520
629730
629760
629820
629910
630
630100
631010
631510
631530
631910
63200
632050
63220
632200
632300
632350
632360
632470
632810
633080
633150
633230
633251
633350
633370
633460
63380
634150
634200
634230
634340
635
63500
635000
635010
635260
635730
635880
636040
636150
636360
636370
636400
636470
636480
636700
6370
63700
637090
637100
637310
637330
637650
637670
638070
638230
638510
638690
638970
63910
639170
63950
640
64000
640100
640380
640590
640820
641080
641320
641780
641990
644560
644570
644830
644930
645260
645630
646570
646910
647410
647830
647960
648100
648120
648350
648410
648430
648800
649190
649780
650500
651670
652980
653530
654880
654890
654990
655100
65540
655500
656240
656350
656600
656610
656880
657200
65740
657730
65790
65800
658470
658550
658850
658920
65900
65930
659460
65980
661130
663090
663390
664430
665180
665300
665360
666140
666150
666220
666860
667530
667610
667720
667890
667970
668580
668630
669330
670290
671210
671440
671510
671860
671970
672680
672860
672870
673560
673610
67370
673750
673880
673950
674020
674140
674500
674750
674930
674940
675010
675260
675690
677120
677160
677620
678800
678900
678920
678950
678960
678990
679900
6800
680360
680420
681280
681660
681820
682990
683320
683830
683900
684410
684450
684580
684680
685310
6860
686200
686230
686810
687800
687850
688130
688420
688470
690040
690510
690530
690640
690790
690830
6910
691690
692530
692850
692890
694130
694280
695290
696170
696370
696790
698670
698780
699130
699170
699920
70
70000
700030
70010
700330
700600
70100
70110
701160
701470
702320
702890
70300
703080
703860
703940
70400
704030
704230
704270
704450
704580
704850
705040
705120
705210
705220
706220
706990
707010
707030
707710
707830
709920
710700
710920
712100
71250
71270
71280
71340
714010
714020
714120
714210
715220
715400
715670
716710
717690
718090
718560
718670
718850
719040
719640
719730
719890
7200
720090
720380
720560
720620
72200
722060
723330
723780
72400
724970
72780
72850
728530
728540
728730
728740
728880
729040
730
73010
730310
73050
730590
731040
731490
731620
73170
732050
732110
73230
732370
733070
734750
735280
735850
736190
736220
736260
736590
736820
737010
737800
738060
738520
738540
739630
740
740130
740250
741260
742120
742300
742420
742700
743090
743390
743450
743890
744190
744900
745330
745740
745920
746580
747200
747610
747660
748360
748490
750050
750130
750920
7510
751610
751630
751780
7520
752580
752590
752900
753
7530
753420
753640
753650
753660
754120
754890
755500
755790
755800
755890
756800
757210
757310
757320
757330
758190
758330
758370
758690
758870
758990
759740
7600
760060
760160
760620
760640
760650
760760
7610
761330
761620
761830
761890
7620
763890
764030
764050
764790
765810
766370
766570
7670
767560
768200
768520
768750
769560
769920
770240
770720
770810
772540
773790
773951
774091
774171
774181
774241
774361
774461
774791
774801
774861
774941
775220
775500
7760
776960
777130
777390
779290
779340
779360
78000
780210
780290
780310
780800
781030
782330
782670
783770
784080
784150
784950
785260
785740
785770
786520
787480
787810
787860
788100
788260
788880
789100
790650
790710
790740
790820
792300
793460
7940
794260
794600
794800
795100
795630
797400
797410
797430
797470
798420
798460
798490
798510
799240
799600
799960
80
8000
800270
801630
801800
803050
803330
803600
804010
804320
805550
805940
806140
807120
807140
808290
809140
809230
809720
809960
812040
812140
813000
813230
813630
813780
813820
814000
814370
814380
814480
815370
815940
816020
816090
816340
817130
817540
817840
818320
8190
820030
820520
821250
821880
822240
823130
823500
823950
824000
824270
824550
825310
825630
826600
826630
828740
829110
829420
829590
829660
830640
831560
831980
833360
834150
834530
834740
834910
835430
835570
835860
835960
836620
836640
837380
837470
838350
838380
839200
839770
840140
840260
840800
841190
841370
841860
842180
842780
842980
843200
843380
843660
843810
844630
844870
845070
846770
847370
848010
848450
848480
849100
8500
850170
850190
850910
851100
851180
851800
851850
852780
853380
853450
855740
857440
857980
858210
858460
858810
858820
858890
859570
859580
8600
860020
860510
860890
860910
861540
861650
863550
865360
866020
866510
866570
866800
867210
867290
868270
868360
869880
870200
870780
8710
871540
871720
871980
872200
872410
872670
872790
872820
872860
873150
873240
873940
874240
874260
874390
874400
875210
8770
877280
879160
8800
880940
881020
881100
882100
882790
883710
883860
884660
8850
885570
885970
886250
8870
887570
887800
888680
889750
891040
892420
892520
892970
8930
893030
893180
893520
893850
894020
894940
895400
895620
895870
895950
896660
897220
897330
897450
8980
898750
898920
899440
899770
90
900040
900270
9010
903950
90530
905370
905690
906100
906870
907270
907650
907680
908500
908520
909080
909320
909510
910320
910490
911400
911430
91200
91310
913740
914010
914620
914690
914710
914800
915310
915320
915810
91600
916440
916840
91700
91720
917950
918570
91900
919370
919640
92
9200
920210
920490
921060
921390
921530
921570
921590
921630
921700
921800
924720
924970
924980
926990
927250
927350
927380
92800
928600
928960
929010
930210
9310
931500
93200
933070
933110
933300
933480
933820
9340
934700
9350
935270
935580
936140
936790
937170
937310
937380
939100
939400
939520
939700
939850
939960
940540
941460
9420
94200
942810
942970
943380
943700
94400
944220
944250
944490
944770
9450
945360
9460
946050
9480
948740
948900
949230
950100
950370
950670
950740
951240
951440
951830
952060
952070
952440
952540
952860
953490
953880
95400
954740
954850
955050
955900
956240
956600
957720
958260
958400
96000
960090
960170
960690
960910
960990
96100
961200
961440
962130
962400
962580
962730
96300
963330
96400
964470
965200
965230
965300
965320
965580
965680
966610
967050
967250
96800
96810
968250
968970
969680
969990
97000
970500
970830
97100
972660
973230
97330
973580
973760
973810
975370
976310
976590
976620
976730
976800
976890
977400
977880
977950
978300
978520
978780
978960
979060
979070
979110
979120
979690
979710
979920
980300
980610
981430
981600
981890
98200
982290
98300
983380
983870
98500
985810
985830
985890
986040
986130
987350
987840
9880
98800
989440
989690
9900
990080
990260
990630
991170
991270
991710
991780
992070
992300
992640
9930
993090
994280
994440
994730
994910
996470
996480
996560
996580
996770
997010
997070
99810
99830
998740
99890
998940
99900
99910
999220
999730
